
## Parameters after optimization 

tithe = 0.20608310862930646; 

p_tithe = 0.8175369683136188;

p_NS = 0.9514924648742953;

p_GR = 0.09458701794525726;

p_DIS = 0.9817991311238292;

extraFleets = (0.31571341718971635*20); ===> (pool)

support = 0.5298480072831206;

p_support = 0.20013560777374773;