
## parameters used after optimization


tithe = 0.7820858890480108; 

p_tithe =0.102631949884474;

p_NS = 0.7990943435845044;

p_GR = 0.7844076383375834;

p_DIS = 0.9026178277587702;

extraFleets = 0.9516532344789178; ===> (pool)

support = 0.965206442435192;

p_support = 0.9620328294550641;